55.02030416544837 82.95832065087892
55.01498961469445 82.9737701748047
55.022469150826566 82.98750308496095
55.003176979542246 82.9650669408977
55.008000892524805 82.93914607297778
55.0180406466247 82.91889003049731
55.026503584310795 82.92970469724536
55.02788110274131 82.90481379758715
55.03607265099833 82.95094567922526
55.04748222106075 82.9694851079362
55.05141580206356 82.94407922414713
54.992371506331786 82.91421014455729
54.99936685751169 82.98572212100215
55.03263337253918 82.97113090396114
55.04355215506083 82.98709541201778
55.03587980792231 83.0016866290588
55.03942107380873 83.02486091494747
55.06017053334945 82.98383384585567
55.04333068255897 82.92402502966715
54.99797739358753 82.8686520368613
54.989902378580084 82.851485899166
54.98281078165257 82.8408428937949
54.98399280148207 82.8628155500449
54.97650608807283 82.85526244945896
54.966653022242525 82.86727874584568
54.95916307542018 82.88650482006443
54.97532384780593 82.89474456615818
54.9698062663151 82.90985076733006
54.95916307542018 82.91294067211521
54.98182573854122 82.92478530712498
54.95896595269892 82.9368016035117
55.074925793315266 82.9337698384062
54.993666302638665 82.88709020807593
55.077677109810644 82.96948766901343
54.92944709512644 82.91885122318627
54.948971886335826 82.81310781498314
55.00754563763122 83.03696525539858